[[-3.0517578e-05  6.4086914e-04]
 [ 1.5258789e-04  4.2724609e-04]
 [-3.3569336e-04  5.7983398e-04]
 ...
 [-6.1035156e-04 -3.0517578e-05]
 [-9.1552734e-04 -2.7465820e-04]
 [-3.0517578e-04 -2.4414062e-04]][[-7.3242188e-04 -6.1035156e-05]
 [-4.2724609e-04 -6.1035156e-04]
 [-4.2724609e-04 -5.4931641e-04]
 ...
 [ 4.8828125e-04  1.5258789e-04]
 [ 5.7983398e-04  3.0517578e-04]
 [ 7.0190430e-04 -2.1362305e-04]][[ 0.00036621  0.0007019 ]
 [ 0.00109863  0.00030518]
 [ 0.0012207   0.00033569]
 ...
 [-0.00015259 -0.00073242]
 [-0.00042725 -0.0007019 ]
 [-0.00012207 -0.00048828]][[-3.6621094e-04 -1.1596680e-03]
 [ 0.0000000e+00 -2.4414062e-04]
 [ 3.9672852e-04 -1.0070801e-03]
 ...
 [ 2.1362305e-04 -1.5258789e-04]
 [ 9.1552734e-04 -1.2207031e-04]
 [ 9.1552734e-05  9.1552734e-05]][[ 2.7465820e-04  6.1035156e-05]
 [ 4.8828125e-04 -2.1362305e-04]
 [-1.8310547e-04 -2.7465820e-04]
 ...
 [-3.0517578e-05 -2.7465820e-04]
 [ 6.1035156e-05  3.3569336e-04]
 [ 2.1362305e-04  0.0000000e+00]][[ 5.4931641e-04 -6.1035156e-05]
 [ 9.1552734e-05  0.0000000e+00]
 [ 9.1552734e-05 -1.2207031e-04]
 ...
 [-8.5449219e-04  1.2207031e-04]
 [-6.4086914e-04 -3.3569336e-04]
 [-8.8500977e-04 -3.6621094e-04]][[-1.1596680e-03 -9.1552734e-05]
 [-9.4604492e-04 -1.2207031e-04]
 [-9.1552734e-04 -3.0517578e-04]
 ...
 [ 3.6621094e-04 -6.4086914e-04]
 [-2.4414062e-04 -2.1362305e-04]
 [-6.1035156e-05  1.5258789e-04]][[-7.9345703e-04 -5.1879883e-04]
 [-1.2207031e-04 -8.5449219e-04]
 [-6.1035156e-05 -9.1552734e-05]
 ...
 [ 6.4086914e-04  3.6621094e-04]
 [ 9.4604492e-04  3.0517578e-04]
 [ 7.0190430e-04  3.6621094e-04]][[ 0.00085449  0.0005188 ]
 [ 0.00045776  0.00027466]
 [ 0.00137329  0.00067139]
 ...
 [-0.0007019  -0.00119019]
 [-0.0005188  -0.00073242]
 [-0.00106812 -0.00149536]][[-0.00109863 -0.0007019 ]
 [-0.0010376  -0.0007019 ]
 [-0.00094604 -0.00109863]
 ...
 [-0.00073242 -0.0012207 ]
 [-0.00091553 -0.00128174]
 [-0.00054932 -0.00134277]][[-0.00073242 -0.0012207 ]
 [-0.00100708 -0.00158691]
 [-0.00073242 -0.00167847]
 ...
 [-0.00033569 -0.00082397]
 [-0.00033569 -0.0005188 ]
 [-0.00064087 -0.0005188 ]][[-0.00012207 -0.00045776]
 [-0.00064087 -0.0007019 ]
 [-0.00045776 -0.00033569]
 ...
 [ 0.00042725  0.00085449]
 [ 0.00048828  0.00067139]
 [ 0.00042725  0.00076294]][[4.8828125e-04 4.2724609e-04]
 [1.0070801e-03 9.1552734e-05]
 [7.0190430e-04 2.7465820e-04]
 ...
 [1.1901855e-03 1.7700195e-03]
 [2.4414062e-04 1.1901855e-03]
 [7.3242188e-04 1.4953613e-03]][[ 0.00109863  0.00073242]
 [ 0.00030518  0.00076294]
 [ 0.00137329  0.00109863]
 ...
 [-0.00064087 -0.00097656]
 [-0.0007019  -0.00054932]
 [-0.00085449 -0.00045776]][[-0.0007019  -0.00073242]
 [-0.00057983 -0.00128174]
 [-0.00091553 -0.00109863]
 ...
 [-0.00039673 -0.00012207]
 [ 0.00024414 -0.00057983]
 [-0.00064087 -0.00079346]][[-0.00033569 -0.00030518]
 [ 0.         -0.00045776]
 [ 0.00018311 -0.00030518]
 ...
 [ 0.00137329  0.00112915]
 [ 0.00119019  0.00149536]
 [ 0.0010376   0.00061035]][[0.00085449 0.00109863]
 [0.00109863 0.00088501]
 [0.00125122 0.00115967]
 ...
 [0.00167847 0.00112915]
 [0.00119019 0.00100708]
 [0.00177002 0.0015564 ]][[ 1.4953613e-03  1.3427734e-03]
 [ 1.2207031e-03  1.3427734e-03]
 [ 1.6479492e-03  1.2817383e-03]
 ...
 [ 4.5776367e-04  9.1552734e-05]
 [-9.1552734e-05  2.1362305e-04]
 [ 5.1879883e-04 -9.1552734e-05]][[-9.1552734e-05 -3.3569336e-04]
 [-3.0517578e-05 -5.7983398e-04]
 [-3.9672852e-04 -4.2724609e-04]
 ...
 [ 6.7138672e-04  7.9345703e-04]
 [ 1.2207031e-04  4.8828125e-04]
 [-6.1035156e-05  8.5449219e-04]][[ 0.00012207  0.0005188 ]
 [-0.00033569  0.00042725]
 [ 0.00012207  0.00073242]
 ...
 [ 0.00100708  0.00085449]
 [ 0.00134277  0.00091553]
 [ 0.00109863  0.00100708]][[ 1.3732910e-03  1.1901855e-03]
 [ 1.4953613e-03  8.5449219e-04]
 [ 1.5869141e-03  1.6784668e-03]
 ...
 [ 1.8310547e-04  2.1362305e-04]
 [-6.1035156e-05  3.3569336e-04]
 [ 4.2724609e-04  4.2724609e-04]][[ 3.6621094e-04 -3.0517578e-05]
 [-9.1552734e-05  2.4414062e-04]
 [-2.4414062e-04 -4.2724609e-04]
 ...
 [ 5.7983398e-04 -1.2207031e-04]
 [ 4.8828125e-04  2.4414062e-04]
 [ 2.7465820e-04 -9.1552734e-05]][[ 1.2207031e-04 -3.6621094e-04]
 [ 1.5258789e-04  3.0517578e-05]
 [ 2.4414062e-04 -4.2724609e-04]
 ...
 [-2.4414062e-04 -1.8310547e-04]
 [ 1.2207031e-04 -1.5258789e-04]
 [ 9.1552734e-05 -5.4931641e-04]][[ 1.8310547e-04  6.1035156e-05]
 [-6.1035156e-05 -4.5776367e-04]
 [ 1.8310547e-04 -3.3569336e-04]
 ...
 [ 1.5258789e-04 -5.1879883e-04]
 [-6.1035156e-05 -1.1901855e-03]
 [-2.4414062e-04 -7.3242188e-04]][[-1.2207031e-04 -9.4604492e-04]
 [-1.2207031e-04 -4.8828125e-04]
 [-3.6621094e-04 -9.7656250e-04]
 ...
 [-3.3569336e-04 -6.4086914e-04]
 [ 3.0517578e-05 -2.7465820e-04]
 [-2.1362305e-04 -4.5776367e-04]][[-4.8828125e-04 -6.4086914e-04]
 [-2.7465820e-04 -1.1291504e-03]
 [-6.1035156e-04 -9.7656250e-04]
 ...
 [ 6.4086914e-04 -4.2724609e-04]
 [ 2.7465820e-04 -3.6621094e-04]
 [ 3.0517578e-04 -9.1552734e-05]][[ 5.7983398e-04 -1.8310547e-04]
 [ 3.0517578e-05 -5.7983398e-04]
 [ 1.2207031e-04 -8.8500977e-04]
 ...
 [ 4.2724609e-04  4.5776367e-04]
 [ 5.1879883e-04  2.1362305e-04]
 [ 5.1879883e-04  6.1035156e-05]][[ 9.1552734e-05  3.0517578e-05]
 [ 6.1035156e-05  3.0517578e-05]
 [ 3.3569336e-04  3.6621094e-04]
 ...
 [ 7.9345703e-04 -3.6621094e-04]
 [ 6.1035156e-04 -2.1362305e-04]
 [ 5.7983398e-04 -1.5258789e-04]][[0.0005188  0.00042725]
 [0.00036621 0.00048828]
 [0.00076294 0.00036621]
 ...
 [0.0005188  0.        ]
 [0.00073242 0.00015259]
 [0.00021362 0.00048828]][[ 0.00024414  0.00018311]
 [ 0.00064087  0.00018311]
 [ 0.00027466 -0.00030518]
 ...
 [ 0.00073242 -0.00030518]
 [ 0.00024414 -0.00021362]
 [-0.00012207 -0.00054932]][[ 2.1362305e-04 -5.4931641e-04]
 [-3.0517578e-05 -3.9672852e-04]
 [ 7.0190430e-04 -1.8310547e-04]
 ...
 [-3.0517578e-04 -1.4953613e-03]
 [ 2.7465820e-04 -1.4038086e-03]
 [-3.6621094e-04 -1.3732910e-03]][[-1.8310547e-04 -1.0986328e-03]
 [-6.1035156e-05 -7.6293945e-04]
 [ 5.4931641e-04 -1.0986328e-03]
 ...
 [ 6.1035156e-05  5.1879883e-04]
 [ 5.4931641e-04  9.1552734e-05]
 [ 1.1291504e-03  3.6621094e-04]][[ 9.1552734e-05 -6.1035156e-05]
 [ 2.1362305e-04  9.1552734e-05]
 [ 6.1035156e-05  2.7465820e-04]
 ...
 [ 9.7656250e-04  3.0517578e-04]
 [ 1.4343262e-03 -3.0517578e-05]
 [ 1.4953613e-03 -1.2207031e-04]][[ 0.00094604  0.00054932]
 [ 0.00073242  0.00027466]
 [ 0.0007019  -0.00021362]
 ...
 [ 0.00161743  0.00021362]
 [ 0.00134277  0.00024414]
 [ 0.00119019  0.00018311]][[ 8.8500977e-04  2.4414062e-04]
 [ 8.5449219e-04  3.0517578e-05]
 [ 1.1596680e-03  4.5776367e-04]
 ...
 [-2.7465820e-04 -3.0517578e-05]
 [-2.7465820e-04 -7.3242188e-04]
 [ 0.0000000e+00 -6.1035156e-05]][[-6.1035156e-05 -5.7983398e-04]
 [-6.1035156e-05 -3.6621094e-04]
 [-3.9672852e-04 -3.0517578e-05]
 ...
 [-3.6621094e-04  3.6621094e-04]
 [-1.2207031e-04  1.5258789e-04]
 [-3.6621094e-04  0.0000000e+00]][[-2.1362305e-04 -2.7465820e-04]
 [-6.7138672e-04  0.0000000e+00]
 [-5.1879883e-04  3.3569336e-04]
 ...
 [ 9.1552734e-05  1.2207031e-04]
 [ 4.8828125e-04  5.7983398e-04]
 [ 4.2724609e-04 -2.7465820e-04]][[-2.7465820e-04  1.8310547e-04]
 [-3.3569336e-04  2.4414062e-04]
 [ 3.3569336e-04 -1.2207031e-04]
 ...
 [-1.2207031e-04 -2.7465820e-04]
 [-1.0070801e-03 -9.1552734e-05]
 [-4.8828125e-04 -2.7465820e-04]][[-0.00012207  0.00036621]
 [-0.00094604 -0.00015259]
 [-0.00061035  0.00018311]
 ...
 [ 0.          0.00015259]
 [-0.00045776 -0.00024414]
 [-0.00030518 -0.00012207]][[-3.6621094e-04  9.1552734e-05]
 [-3.0517578e-05  3.0517578e-04]
 [-9.1552734e-05 -1.8310547e-04]
 ...
 [ 2.7465820e-04  1.8310547e-04]
 [ 4.5776367e-04  4.8828125e-04]
 [ 1.8310547e-04  4.2724609e-04]][[ 2.1362305e-04  1.2207031e-04]
 [ 2.7465820e-04  3.6621094e-04]
 [ 2.4414062e-04 -1.2207031e-04]
 ...
 [-6.1035156e-05  1.8310547e-04]
 [ 3.6621094e-04  1.8310547e-04]
 [ 5.7983398e-04 -3.3569336e-04]][[ 3.0517578e-04  3.3569336e-04]
 [ 2.7465820e-04  1.8310547e-04]
 [ 3.0517578e-04  3.0517578e-04]
 ...
 [-4.5776367e-04 -3.0517578e-05]
 [-3.3569336e-04  6.4086914e-04]
 [-3.0517578e-04  7.9345703e-04]][[-1.8310547e-04  3.3569336e-04]
 [-3.6621094e-04  1.5258789e-04]
 [-3.6621094e-04  6.1035156e-05]
 ...
 [-9.1552734e-05 -6.1035156e-05]
 [-2.1362305e-04  9.1552734e-05]
 [ 1.2207031e-04 -1.5258789e-04]][[-0.00012207 -0.00018311]
 [-0.00018311 -0.00033569]
 [-0.00021362 -0.00061035]
 ...
 [ 0.00097656  0.00067139]
 [ 0.00082397  0.00064087]
 [ 0.00125122  0.00021362]]